area,end_date,month,SPEI
Bitterroot,1991-01-31,1,0.6905870784581087
Bitterroot,1991-02-28,2,0.6262447233314001
Bitterroot,1991-03-31,3,0.47599205298843783
Bitterroot,1991-04-30,4,0.6903637195567642
Bitterroot,1991-05-31,5,0.6789962078591544
Bitterroot,1991-06-30,6,0.8777848084343475
Bitterroot,1991-07-31,7,0.8473585339207851
Bitterroot,1991-08-31,8,0.45424242458697983
Bitterroot,1991-09-30,9,0.4390639205365978
Bitterroot,1991-10-31,10,0.3368915505889869
Bitterroot,1991-11-30,11,0.5667931992993029
Bitterroot,1991-12-31,12,0.7476029665144772
Bitterroot,1992-01-31,1,0.24916994419073202
Bitterroot,1992-02-29,2,-0.0521837137807486
Bitterroot,1992-03-31,3,-0.1509848467809216
Bitterroot,1992-04-30,4,-0.0794314543731367
Bitterroot,1992-05-31,5,-0.8063583529438714
Bitterroot,1992-06-30,6,-0.7327672476378829
Bitterroot,1992-07-31,7,-0.32555957501663846
Bitterroot,1992-08-31,8,-0.5149894952713598
Bitterroot,1992-09-30,9,-0.0699572846972516
Bitterroot,1992-10-31,10,-0.5611957053103309
Bitterroot,1992-11-30,11,-0.6350074137388415
Bitterroot,1992-12-31,12,-0.288280663834829
Bitterroot,1993-01-31,1,-0.3984962361555253
Bitterroot,1993-02-28,2,-0.3772819250144219
Bitterroot,1993-03-31,3,-0.40796355327335654
Bitterroot,1993-04-30,4,-0.2859859044799007
Bitterroot,1993-05-31,5,-0.5856060963708816
Bitterroot,1993-06-30,6,-0.24073438107736855
Bitterroot,1993-07-31,7,0.5070590890106912
Bitterroot,1993-08-31,8,0.7708437255807108
Bitterroot,1993-09-30,9,0.7706103414580566
Bitterroot,1993-10-31,10,0.9098739336258996
Bitterroot,1993-11-30,11,0.1440638626894004
Bitterroot,1993-12-31,12,-0.043552372847754706
Bitterroot,1994-01-31,1,0.17794004691529364
Bitterroot,1994-02-28,2,0.38781081194633504
Bitterroot,1994-03-31,3,0.4790049051314642
Bitterroot,1994-04-30,4,0.38672338647180826
Bitterroot,1994-05-31,5,0.6232037092663174
Bitterroot,1994-06-30,6,0.677253744771349
Bitterroot,1994-07-31,7,0.4149961799069273
Bitterroot,1994-08-31,8,0.21552770516494624
Bitterroot,1994-09-30,9,-0.1940615311844569
Bitterroot,1994-10-31,10,0.09023024424405146
Bitterroot,1994-11-30,11,0.13726442654905724
Bitterroot,1994-12-31,12,-0.0352798578474256
Bitterroot,1995-01-31,1,-0.15006535518800623
Bitterroot,1995-02-28,2,0.03921396334910776
Bitterroot,1995-03-31,3,0.19714610428141555
Bitterroot,1995-04-30,4,0.09230245181886021
Bitterroot,1995-05-31,5,0.2499068474705639
Bitterroot,1995-06-30,6,0.05824791035170929
Bitterroot,1995-07-31,7,-0.17035392902528512
Bitterroot,1995-08-31,8,-0.3942451230709956
Bitterroot,1995-09-30,9,-0.08488388475381625
Bitterroot,1995-10-31,10,0.20803969359642926
Bitterroot,1995-11-30,11,1.0331590853558001
Bitterroot,1995-12-31,12,1.2109137004005814
Bitterroot,1996-01-31,1,1.336151141274421
Bitterroot,1996-02-29,2,1.4847528155345935
Bitterroot,1996-03-31,3,1.5108770993284422
Bitterroot,1996-04-30,4,1.6479482558958751
Bitterroot,1996-05-31,5,1.7886597174454821
Bitterroot,1996-06-30,6,1.7241591025422442
Bitterroot,1996-07-31,7,1.7048962181467284
Bitterroot,1996-08-31,8,1.747281480959269
Bitterroot,1996-09-30,9,1.8795927564996808
Bitterroot,1996-10-31,10,1.8710340595525476
Bitterroot,1996-11-30,11,1.9416077697569043
Bitterroot,1996-12-31,12,2.115459915050964
Bitterroot,1997-01-31,1,2.2330053312576488
Bitterroot,1997-02-28,2,2.2378394076179067
Bitterroot,1997-03-31,3,2.2335583823877485
Bitterroot,1997-04-30,4,2.2229208159482643
Bitterroot,1997-05-31,5,2.1628933018719105
Bitterroot,1997-06-30,6,2.1063127447716607
Bitterroot,1997-07-31,7,2.1070095093635834
Bitterroot,1997-08-31,8,2.095843794779017
Bitterroot,1997-09-30,9,2.1170776743720565
Bitterroot,1997-10-31,10,2.139066854274656
Bitterroot,1997-11-30,11,2.005257087155911
Bitterroot,1997-12-31,12,1.8893327165565796
Bitterroot,1998-01-31,1,1.796936724852392
Bitterroot,1998-02-28,2,1.5365828950974372
Bitterroot,1998-03-31,3,1.5736397474815302
Bitterroot,1998-04-30,4,1.468986300168424
Bitterroot,1998-05-31,5,1.3619072494041204
Bitterroot,1998-06-30,6,1.626225341691025
Bitterroot,1998-07-31,7,1.7642115465858779
Bitterroot,1998-08-31,8,1.6922829352291069
Bitterroot,1998-09-30,9,1.7150860758971782
Bitterroot,1998-10-31,10,1.664874829554401
Bitterroot,1998-11-30,11,1.7905498073399846
Bitterroot,1998-12-31,12,1.6190825569132636
Bitterroot,1999-01-31,1,1.5429973041463287
Bitterroot,1999-02-28,2,1.5863188050970942
Bitterroot,1999-03-31,3,1.4331749740377395
Bitterroot,1999-04-30,4,1.2725443716756315
Bitterroot,1999-05-31,5,1.2900955724803
Bitterroot,1999-06-30,6,1.28262384871233
Bitterroot,1999-07-31,7,1.1111645167195427
Bitterroot,1999-08-31,8,1.1198800994394966
Bitterroot,1999-09-30,9,0.9873432704684082
Bitterroot,1999-10-31,10,0.6771435342382132
Bitterroot,1999-11-30,11,0.6988252458061209
Bitterroot,1999-12-31,12,0.9788678079624366
Bitterroot,2000-01-31,1,0.8909593869550081
Bitterroot,2000-02-29,2,0.9776982891688947
Bitterroot,2000-03-31,3,0.9559399813285974
Bitterroot,2000-04-30,4,0.8356240917742925
Bitterroot,2000-05-31,5,0.676688757934613
Bitterroot,2000-06-30,6,0.13809167119002708
Bitterroot,2000-07-31,7,-0.17390507423845225
Bitterroot,2000-08-31,8,-0.2275576014893641
Bitterroot,2000-09-30,9,-0.21767210309660423
Bitterroot,2000-10-31,10,0.15786361876888022
Bitterroot,2000-11-30,11,-0.5174025097236099
Bitterroot,2000-12-31,12,-1.121522253305515
Bitterroot,2001-01-31,1,-1.6862435732814922
Bitterroot,2001-02-28,2,-2.0997863391742078
Bitterroot,2001-03-31,3,-2.1729049858617167
Bitterroot,2001-04-30,4,-2.0441270987764177
Bitterroot,2001-05-31,5,-2.3092874720420213
Bitterroot,2001-06-30,6,-2.3986482383743106
Bitterroot,2001-07-31,7,-2.0947372195651677
Bitterroot,2001-08-31,8,-2.512827060373689
Bitterroot,2001-09-30,9,-2.783609667096513
Bitterroot,2001-10-31,10,-1.9287044360667558
Bitterroot,2001-11-30,11,-1.9010954813995293
Bitterroot,2001-12-31,12,-2.325516963477234
Bitterroot,2002-01-31,1,-2.016456373454966
Bitterroot,2002-02-28,2,-2.210845529417296
Bitterroot,2002-03-31,3,-1.9747652690308375
Bitterroot,2002-04-30,4,-1.8335471708253674
Bitterroot,2002-05-31,5,-1.5770799271838718
Bitterroot,2002-06-30,6,-1.1372995046852739
Bitterroot,2002-07-31,7,-1.1021791160785797
Bitterroot,2002-08-31,8,-0.5336622849815285
Bitterroot,2002-09-30,9,-0.8500447245942074
Bitterroot,2002-10-31,10,-1.6264455041436725
Bitterroot,2002-11-30,11,-1.3188407591692068
Bitterroot,2002-12-31,12,-1.3585168868661084
Bitterroot,2003-01-31,1,-0.5448192439311088
Bitterroot,2003-02-28,2,-0.2396847196984826
Bitterroot,2003-03-31,3,0.4101572543311838
Bitterroot,2003-04-30,4,0.3932068433664193
Bitterroot,2003-05-31,5,0.6265232070438349
Bitterroot,2003-06-30,6,0.25275544392340876
Bitterroot,2003-07-31,7,-0.09608876541302491
Bitterroot,2003-08-31,8,0.12236425973071352
Bitterroot,2003-09-30,9,0.18668241615517256
Bitterroot,2003-10-31,10,-0.2609583171196308
Bitterroot,2003-11-30,11,0.09288030923254853
Bitterroot,2003-12-31,12,0.20349268677519317
Bitterroot,2004-01-31,1,0.09619641574644366
Bitterroot,2004-02-29,2,0.11450335082490626
Bitterroot,2004-03-31,3,-0.15201008408114958
Bitterroot,2004-04-30,4,-0.38130720340175506
Bitterroot,2004-05-31,5,-0.0036000834757354827
Bitterroot,2004-06-30,6,-0.18459417610491213
Bitterroot,2004-07-31,7,-0.1721218471251844
Bitterroot,2004-08-31,8,0.09596586729296086
Bitterroot,2004-09-30,9,0.4615031287680531
Bitterroot,2004-10-31,10,0.5648945529401528
Bitterroot,2004-11-30,11,0.49020360780476846
Bitterroot,2004-12-31,12,0.5759290111206943
Bitterroot,2005-01-31,1,0.13173403200764944
Bitterroot,2005-02-28,2,-0.4321299271922949
Bitterroot,2005-03-31,3,-1.159003663772748
Bitterroot,2005-04-30,4,-1.1105652556556609
Bitterroot,2005-05-31,5,-0.9105055965023985
Bitterroot,2005-06-30,6,-0.29719940858453775
Bitterroot,2005-07-31,7,-0.34179748821794265
Bitterroot,2005-08-31,8,-0.3938564453001432
Bitterroot,2005-09-30,9,-0.2838882235727265
Bitterroot,2005-10-31,10,-0.21730712960489162
Bitterroot,2005-11-30,11,-0.21768452540070893
Bitterroot,2005-12-31,12,-0.2253089384760898
Bitterroot,2006-01-31,1,-0.08266361542299294
Bitterroot,2006-02-28,2,-0.006571781574958857
Bitterroot,2006-03-31,3,0.18844142033002975
Bitterroot,2006-04-30,4,0.43589812085246527
Bitterroot,2006-05-31,5,-0.10068278546288134
Bitterroot,2006-06-30,6,-0.10784949732326377
Bitterroot,2006-07-31,7,-0.3173774181577682
Bitterroot,2006-08-31,8,-0.7997736011095227
Bitterroot,2006-09-30,9,-1.4259114706611804
Bitterroot,2006-10-31,10,-1.403403039489608
Bitterroot,2006-11-30,11,-0.5660793052125614
Bitterroot,2006-12-31,12,-0.4396279228760578
Bitterroot,2007-01-31,1,-0.3734691887174031
Bitterroot,2007-02-28,2,0.06276297389135954
Bitterroot,2007-03-31,3,0.020672182703451503
Bitterroot,2007-04-30,4,-0.13627066644044294
Bitterroot,2007-05-31,5,-0.3367572981614906
Bitterroot,2007-06-30,6,-0.7713626513082396
Bitterroot,2007-07-31,7,-0.8379651680513316
Bitterroot,2007-08-31,8,-0.762456581685962
Bitterroot,2007-09-30,9,-0.7901121724199467
Bitterroot,2007-10-31,10,-0.6184097034722511
Bitterroot,2007-11-30,11,-0.8650085349475451
Bitterroot,2007-12-31,12,-0.590873796679142
Bitterroot,2008-01-31,1,-0.7835251693167588
Bitterroot,2008-02-29,2,-0.5518254007207133
Bitterroot,2008-03-31,3,-0.2689438653749341
Bitterroot,2008-04-30,4,-0.3960411432485289
Bitterroot,2008-05-31,5,-0.27486692110118915
Bitterroot,2008-06-30,6,-0.09321216055274739
Bitterroot,2008-07-31,7,-0.08281072517446053
Bitterroot,2008-08-31,8,0.08561440402404275
Bitterroot,2008-09-30,9,0.054403292500890155
Bitterroot,2008-10-31,10,-0.06484999918599188
Bitterroot,2008-11-30,11,-0.41635196266749275
Bitterroot,2008-12-31,12,-0.10670686812300634
Bitterroot,2009-01-31,1,0.376117676218497
Bitterroot,2009-02-28,2,0.0522021422257013
Bitterroot,2009-03-31,3,0.502248435785553
Bitterroot,2009-04-30,4,0.500935468913825
Bitterroot,2009-05-31,5,0.6129494918372265
Bitterroot,2009-06-30,6,0.7662234477659539
Bitterroot,2009-07-31,7,0.920557064656324
Bitterroot,2009-08-31,8,1.0986396432850327
Bitterroot,2009-09-30,9,0.9009219731515118
Bitterroot,2009-10-31,10,0.8546238303047405
Bitterroot,2009-11-30,11,0.5653571235159449
Bitterroot,2009-12-31,12,0.12656448805907994
Bitterroot,2010-01-31,1,-0.25610719256458414
Bitterroot,2010-02-28,2,-0.8168753886619206
Bitterroot,2010-03-31,3,-1.275561117960323
Bitterroot,2010-04-30,4,-1.4362440344645648
Bitterroot,2010-05-31,5,-1.1676637136977277
Bitterroot,2010-06-30,6,-1.1319707220889161
Bitterroot,2010-07-31,7,-1.0746918358755595
Bitterroot,2010-08-31,8,-0.989512983230072
Bitterroot,2010-09-30,9,-1.0949549869734958
Bitterroot,2010-10-31,10,-0.9681547243701712
Bitterroot,2010-11-30,11,-1.0312532354265933
Bitterroot,2010-12-31,12,-1.1740055789196908
Bitterroot,2011-01-31,1,-1.2249607943427465
Bitterroot,2011-02-28,2,-0.9000525138002096
Bitterroot,2011-03-31,3,-0.9544511391733562
Bitterroot,2011-04-30,4,-0.44966589488372577
Bitterroot,2011-05-31,5,-0.2824654808315967
Bitterroot,2011-06-30,6,-0.0774709709847996
Bitterroot,2011-07-31,7,-0.06405140641489937
Bitterroot,2011-08-31,8,-0.5197577223856753
Bitterroot,2011-09-30,9,-0.5550164774623605
Bitterroot,2011-10-31,10,-0.43798910600745544
Bitterroot,2011-11-30,11,-0.14005577722573448
Bitterroot,2011-12-31,12,0.13447249695029773
Bitterroot,2012-01-31,1,0.4486327783741788
Bitterroot,2012-02-29,2,0.8167226154906188
Bitterroot,2012-03-31,3,1.0939514488934359
Bitterroot,2012-04-30,4,1.1240395373473346
Bitterroot,2012-05-31,5,1.1067071535351931
Bitterroot,2012-06-30,6,1.0031326013708965
Bitterroot,2012-07-31,7,1.0358832673642324
Bitterroot,2012-08-31,8,0.8543184012448729
Bitterroot,2012-09-30,9,0.6194456918182447
Bitterroot,2012-10-31,10,0.7521178942010769
Bitterroot,2012-11-30,11,0.6247903915734212
Bitterroot,2012-12-31,12,0.7122589765125253
Bitterroot,2013-01-31,1,0.34269932250148627
Bitterroot,2013-02-28,2,0.13632698556365663
Bitterroot,2013-03-31,3,-0.08164133653085792
Bitterroot,2013-04-30,4,-0.37373068546962407
Bitterroot,2013-05-31,5,-0.7563748762848382
Bitterroot,2013-06-30,6,-1.25422380435553
Bitterroot,2013-07-31,7,-1.8119041745655364
Bitterroot,2013-08-31,8,-1.339371960268013
Bitterroot,2013-09-30,9,-0.7316589471646986
Bitterroot,2013-10-31,10,-1.3692585036520444
Bitterroot,2013-11-30,11,-1.3281488965553663
Bitterroot,2013-12-31,12,-1.1028703429778284
Bitterroot,2014-01-31,1,-1.1832138937395387
Bitterroot,2014-02-28,2,-0.7337453432666619
Bitterroot,2014-03-31,3,-0.4907068471024638
Bitterroot,2014-04-30,4,-0.4137991138459005
Bitterroot,2014-05-31,5,-0.6248721341617989
Bitterroot,2014-06-30,6,-0.601518672286182
Bitterroot,2014-07-31,7,-0.6849952211649883
Bitterroot,2014-08-31,8,-0.07255967916885142
Bitterroot,2014-09-30,9,0.09589138626437776
Bitterroot,2014-10-31,10,-0.09931244336671563
Bitterroot,2014-11-30,11,0.3385461854885472
Bitterroot,2014-12-31,12,0.279605570758362
Bitterroot,2015-01-31,1,0.2735920719579332
Bitterroot,2015-02-28,2,0.2768821938332606
Bitterroot,2015-03-31,3,0.12200850222157977
Bitterroot,2015-04-30,4,-0.09315718147949337
Bitterroot,2015-05-31,5,-0.03235608995222661
Bitterroot,2015-06-30,6,-0.34313169304136504
Bitterroot,2015-07-31,7,0.012735475586308942
Bitterroot,2015-08-31,8,-0.10250756209867173
Bitterroot,2015-09-30,9,-0.49745898114948894
Bitterroot,2015-10-31,10,-0.4874823547595606
Bitterroot,2015-11-30,11,-0.45903709883176513
Bitterroot,2015-12-31,12,-0.19309641127299115
Bitterroot,2016-01-31,1,-0.43895845206297635
Bitterroot,2016-02-29,2,-1.0635399935543086
Bitterroot,2016-03-31,3,-1.4417964911695331
Bitterroot,2016-04-30,4,-1.886171053070461
Bitterroot,2016-05-31,5,-1.606956578012127
Bitterroot,2016-06-30,6,-2.289642138419935
Bitterroot,2016-07-31,7,-1.9944577885609067
Bitterroot,2016-08-31,8,-2.400641263755541
Bitterroot,2016-09-30,9,-1.990388919037281
Bitterroot,2016-10-31,10,-1.8000051346950086
Bitterroot,2016-11-30,11,-2.426310003000969
Bitterroot,2016-12-31,12,-2.416442124496424
Bitterroot,2017-01-31,1,-2.42751363113902
Bitterroot,2017-02-28,2,-1.960815442178465
Bitterroot,2017-03-31,3,-1.107952106464577
Bitterroot,2017-04-30,4,-0.9132074498507508
Bitterroot,2017-05-31,5,-0.9008553554386521
Bitterroot,2017-06-30,6,-0.3162157948067075
Bitterroot,2017-07-31,7,-0.7124951435152136
Bitterroot,2017-08-31,8,-0.629752414533367
Bitterroot,2017-09-30,9,-0.5059123360064279
Bitterroot,2017-10-31,10,-0.2746992252805114
Bitterroot,2017-11-30,11,-0.06753907374466483
Bitterroot,2017-12-31,12,-0.13691463735725962
Bitterroot,2018-01-31,1,-0.014007212203675845
Bitterroot,2018-02-28,2,0.37753799883647576
Bitterroot,2018-03-31,3,0.3849425484853244
Bitterroot,2018-04-30,4,0.6956057111182823
Bitterroot,2018-05-31,5,0.7035001508279162
Bitterroot,2018-06-30,6,1.070000410218738
Bitterroot,2018-07-31,7,0.9070534623443897
Bitterroot,2018-08-31,8,0.9351687501375519
Bitterroot,2018-09-30,9,0.7104234520886276
Bitterroot,2018-10-31,10,0.6087499069161755
Bitterroot,2018-11-30,11,0.9074631699810853
Bitterroot,2018-12-31,12,0.7125409719176579
Bitterroot,2019-01-31,1,0.6589100499919565
Bitterroot,2019-02-28,2,0.6678605754400674
Bitterroot,2019-03-31,3,0.13635042197367908
Bitterroot,2019-04-30,4,0.42428650113349153
Bitterroot,2019-05-31,5,0.5122475034935512
Bitterroot,2019-06-30,6,0.2621928186107685
Bitterroot,2019-07-31,7,0.4858506989024247
Bitterroot,2019-08-31,8,0.6714309951075138
Bitterroot,2019-09-30,9,0.7736323566641227
Bitterroot,2019-10-31,10,0.8893494142311718
Bitterroot,2019-11-30,11,0.5053226210923134
Bitterroot,2019-12-31,12,0.07834952709544019
Bitterroot,2020-01-31,1,0.28543299279362366
Bitterroot,2020-02-29,2,0.06946601669867758
Bitterroot,2020-03-31,3,-0.04310824274264924
Bitterroot,2020-04-30,4,-0.2696787095290143
Bitterroot,2020-05-31,5,0.0003064046186747049
Bitterroot,2020-06-30,6,0.11700413562344658
Bitterroot,2020-07-31,7,0.2847129106555242
Bitterroot,2020-08-31,8,0.16373706747844952
Bitterroot,2020-09-30,9,0.22360594845092874
Bitterroot,2020-10-31,10,0.46803351237866164
Bitterroot,2020-11-30,11,0.07431867769314682
Bitterroot,2020-12-31,12,0.09304516452294331
Gallatin,1991-01-31,1,-0.35917753593158164
Gallatin,1991-02-28,2,-0.6064297566664167
Gallatin,1991-03-31,3,-0.608600353203177
Gallatin,1991-04-30,4,-0.3332326533770489
Gallatin,1991-05-31,5,-0.08052702936051537
Gallatin,1991-06-30,6,0.05963696882780023
Gallatin,1991-07-31,7,-0.1374968441770068
Gallatin,1991-08-31,8,-0.4282121409977615
Gallatin,1991-09-30,9,-0.16138047200310246
Gallatin,1991-10-31,10,-0.5898731453529424
Gallatin,1991-11-30,11,-0.26000392908449665
Gallatin,1991-12-31,12,-0.41335419423279496
Gallatin,1992-01-31,1,-0.5155650203219915
Gallatin,1992-02-29,2,-0.5035697129777696
Gallatin,1992-03-31,3,-0.7998019899835898
Gallatin,1992-04-30,4,-0.8149975911487998
Gallatin,1992-05-31,5,-1.085283381121799
Gallatin,1992-06-30,6,-0.5297016719847139
Gallatin,1992-07-31,7,-0.23614537431078708
Gallatin,1992-08-31,8,-0.4829601808115762
Gallatin,1992-09-30,9,-0.27150925898588407
Gallatin,1992-10-31,10,-0.0015529279875214907
Gallatin,1992-11-30,11,0.11709945472858951
Gallatin,1992-12-31,12,0.1539911582090956
Gallatin,1993-01-31,1,0.25988716303096204
Gallatin,1993-02-28,2,0.451690960814062
Gallatin,1993-03-31,3,0.2438869724505901
Gallatin,1993-04-30,4,0.17913777633694172
Gallatin,1993-05-31,5,-0.2034980065402161
Gallatin,1993-06-30,6,0.33867997200177324
Gallatin,1993-07-31,7,1.4399521718323756
Gallatin,1993-08-31,8,1.7071352548560887
Gallatin,1993-09-30,9,1.6506467066671158
Gallatin,1993-10-31,10,1.6999201678398936
Gallatin,1993-11-30,11,1.6182545568107796
Gallatin,1993-12-31,12,1.6785763955820179
Gallatin,1994-01-31,1,1.6898686900353965
Gallatin,1994-02-28,2,1.678890539473334
Gallatin,1994-03-31,3,1.6224414705605248
Gallatin,1994-04-30,4,1.6435269336839717
Gallatin,1994-05-31,5,1.5923283951383804
Gallatin,1994-06-30,6,1.2984060623514386
Gallatin,1994-07-31,7,1.2166565589279914
Gallatin,1994-08-31,8,1.0652609897999912
Gallatin,1994-09-30,9,0.8771732615740213
Gallatin,1994-10-31,10,1.1072533175395067
Gallatin,1994-11-30,11,1.1079459832431064
Gallatin,1994-12-31,12,1.1469884261977281
Gallatin,1995-01-31,1,1.2624365889451254
Gallatin,1995-02-28,2,1.1034753697228707
Gallatin,1995-03-31,3,1.3490032134181793
Gallatin,1995-04-30,4,1.4217199560184444
Gallatin,1995-05-31,5,1.479278473239144
Gallatin,1995-06-30,6,1.3051645877456022
Gallatin,1995-07-31,7,0.7867853318436676
Gallatin,1995-08-31,8,0.4267146497339902
Gallatin,1995-09-30,9,0.5849287674053665
Gallatin,1995-10-31,10,0.7815653247075112
Gallatin,1995-11-30,11,0.7770904523317856
Gallatin,1995-12-31,12,0.766724851474843
Gallatin,1996-01-31,1,0.9161924475786385
Gallatin,1996-02-29,2,0.91252381832461
Gallatin,1996-03-31,3,1.1796272601721136
Gallatin,1996-04-30,4,1.175615891502769
Gallatin,1996-05-31,5,1.756407552895125
Gallatin,1996-06-30,6,1.5158132195799474
Gallatin,1996-07-31,7,1.322189622188979
Gallatin,1996-08-31,8,1.3278044553523873
Gallatin,1996-09-30,9,1.5863300185319402
Gallatin,1996-10-31,10,1.3958447944184154
Gallatin,1996-11-30,11,1.4218606713341235
Gallatin,1996-12-31,12,1.4687003926348978
Gallatin,1997-01-31,1,1.486132607274154
Gallatin,1997-02-28,2,1.5222486454789865
Gallatin,1997-03-31,3,1.3296179007297684
Gallatin,1997-04-30,4,1.159197766187043
Gallatin,1997-05-31,5,0.9415960256391986
Gallatin,1997-06-30,6,1.1270245539312955
Gallatin,1997-07-31,7,1.3217749286234057
Gallatin,1997-08-31,8,1.4214714194408646
Gallatin,1997-09-30,9,1.5078685337774582
Gallatin,1997-10-31,10,1.4511853465454347
Gallatin,1997-11-30,11,1.4926870412713442
Gallatin,1997-12-31,12,1.5779104609750443
Gallatin,1998-01-31,1,1.6174089786288284
Gallatin,1998-02-28,2,1.565524857487005
Gallatin,1998-03-31,3,1.5652764732853424
Gallatin,1998-04-30,4,1.6260868334244165
Gallatin,1998-05-31,5,1.0363694693294856
Gallatin,1998-06-30,6,1.8050907499667495
Gallatin,1998-07-31,7,1.9366824603504686
Gallatin,1998-08-31,8,1.893919083085931
Gallatin,1998-09-30,9,1.9403613455316253
Gallatin,1998-10-31,10,1.9061327527056144
Gallatin,1998-11-30,11,1.9103171443870668
Gallatin,1998-12-31,12,1.926360035457213
Gallatin,1999-01-31,1,1.8440699266772758
Gallatin,1999-02-28,2,1.7572772178540996
Gallatin,1999-03-31,3,1.7163234456968128
Gallatin,1999-04-30,4,1.6628609960115202
Gallatin,1999-05-31,5,1.7994656775612192
Gallatin,1999-06-30,6,1.5523635242023768
Gallatin,1999-07-31,7,1.003255450692804
Gallatin,1999-08-31,8,0.9363133072091399
Gallatin,1999-09-30,9,0.776429853116752
Gallatin,1999-10-31,10,0.43030037180282155
Gallatin,1999-11-30,11,0.11598188295013401
Gallatin,1999-12-31,12,0.1162189122065671
Gallatin,2000-01-31,1,0.006017100825761679
Gallatin,2000-02-29,2,-0.09018943883600672
Gallatin,2000-03-31,3,-0.16888359454426372
Gallatin,2000-04-30,4,-0.5017883058540384
Gallatin,2000-05-31,5,-0.15981175968248928
Gallatin,2000-06-30,6,-1.0927232969719674
Gallatin,2000-07-31,7,-1.3646021766372156
Gallatin,2000-08-31,8,-1.4578690078983727
Gallatin,2000-09-30,9,-1.6050476467524373
Gallatin,2000-10-31,10,-1.2608701903821813
Gallatin,2000-11-30,11,-1.202088695690221
Gallatin,2000-12-31,12,-1.2624033135626824
Gallatin,2001-01-31,1,-1.2942109104771522
Gallatin,2001-02-28,2,-1.3126225011893475
Gallatin,2001-03-31,3,-1.3112855938532197
Gallatin,2001-04-30,4,-1.2407104412661143
Gallatin,2001-05-31,5,-1.7760991054906432
Gallatin,2001-06-30,6,-1.721808012759086
Gallatin,2001-07-31,7,-1.364151835232872
Gallatin,2001-08-31,8,-1.8930805435870033
Gallatin,2001-09-30,9,-2.0412139803752476
Gallatin,2001-10-31,10,-1.7810745064548004
Gallatin,2001-11-30,11,-1.558129172244689
Gallatin,2001-12-31,12,-1.6137022262680838
Gallatin,2002-01-31,1,-1.5583597173759354
Gallatin,2002-02-28,2,-1.565006665420896
Gallatin,2002-03-31,3,-1.699635808373869
Gallatin,2002-04-30,4,-1.522233357678593
Gallatin,2002-05-31,5,-1.4322920301221027
Gallatin,2002-06-30,6,-1.1204667994549138
Gallatin,2002-07-31,7,-1.0245345102030785
Gallatin,2002-08-31,8,-0.5811822519501844
Gallatin,2002-09-30,9,-0.5059394720327866
Gallatin,2002-10-31,10,-1.0965407036066837
Gallatin,2002-11-30,11,-1.2574748245821006
Gallatin,2002-12-31,12,-1.32450509073275
Gallatin,2003-01-31,1,-1.198060280782586
Gallatin,2003-02-28,2,-0.9208317251425518
Gallatin,2003-03-31,3,-0.8121476233381681
Gallatin,2003-04-30,4,-0.44627531374185825
Gallatin,2003-05-31,5,0.12980983355267672
Gallatin,2003-06-30,6,-0.23999266507298622
Gallatin,2003-07-31,7,-0.6488352925161461
Gallatin,2003-08-31,8,-0.3509884935033798
Gallatin,2003-09-30,9,-0.5816979515867138
Gallatin,2003-10-31,10,-0.883000890507422
Gallatin,2003-11-30,11,-0.7979455687005874
Gallatin,2003-12-31,12,-0.6561310977964379
Gallatin,2004-01-31,1,-0.7051536948093061
Gallatin,2004-02-29,2,-0.5458953626805876
Gallatin,2004-03-31,3,-0.7835460446520266
Gallatin,2004-04-30,4,-0.7154260344231467
Gallatin,2004-05-31,5,-0.5094731296756103
Gallatin,2004-06-30,6,-0.7547815989830744
Gallatin,2004-07-31,7,-0.6915856639522195
Gallatin,2004-08-31,8,-0.4305334126232121
Gallatin,2004-09-30,9,-0.38316645371685265
Gallatin,2004-10-31,10,-0.041117673339400085
Gallatin,2004-11-30,11,-0.07369994737390151
Gallatin,2004-12-31,12,-0.1329514592380543
Gallatin,2005-01-31,1,-0.21221738110566113
Gallatin,2005-02-28,2,-0.5921170936469828
Gallatin,2005-03-31,3,-0.5222965239697108
Gallatin,2005-04-30,4,-0.9020068817563486
Gallatin,2005-05-31,5,-0.7715937573226496
Gallatin,2005-06-30,6,-0.055067421133589756
Gallatin,2005-07-31,7,-0.03891018246399014
Gallatin,2005-08-31,8,0.2809242819354367
Gallatin,2005-09-30,9,0.4243803461842661
Gallatin,2005-10-31,10,0.8684920822953677
Gallatin,2005-11-30,11,1.0256225998013886
Gallatin,2005-12-31,12,1.011445587344419
Gallatin,2006-01-31,1,1.0203197170182796
Gallatin,2006-02-28,2,0.8502728743159542
Gallatin,2006-03-31,3,1.0746716404923573
Gallatin,2006-04-30,4,1.2095415106915381
Gallatin,2006-05-31,5,0.7174347913541415
Gallatin,2006-06-30,6,0.6680726293507421
Gallatin,2006-07-31,7,0.4999113103278765
Gallatin,2006-08-31,8,0.1612708934459759
Gallatin,2006-09-30,9,0.019990675267501867
Gallatin,2006-10-31,10,0.36084659040075917
Gallatin,2006-11-30,11,0.265301915022365
Gallatin,2006-12-31,12,0.2862933648815831
Gallatin,2007-01-31,1,0.2372857079125703
Gallatin,2007-02-28,2,0.44608669586496363
Gallatin,2007-03-31,3,0.2525093422126179
Gallatin,2007-04-30,4,0.2253494729553982
Gallatin,2007-05-31,5,0.22591072206052454
Gallatin,2007-06-30,6,-0.5624490705601033
Gallatin,2007-07-31,7,-0.647945500871413
Gallatin,2007-08-31,8,-0.9286240306643859
Gallatin,2007-09-30,9,-0.8955503008706771
Gallatin,2007-10-31,10,-0.8767177348952536
Gallatin,2007-11-30,11,-1.1873560381385482
Gallatin,2007-12-31,12,-1.2553092530851169
Gallatin,2008-01-31,1,-1.2262110672483786
Gallatin,2008-02-29,2,-1.1815623005254332
Gallatin,2008-03-31,3,-1.2743212126753187
Gallatin,2008-04-30,4,-1.4290127195481928
Gallatin,2008-05-31,5,-0.8402985511051324
Gallatin,2008-06-30,6,-0.8183986268921125
Gallatin,2008-07-31,7,-0.9355867930385834
Gallatin,2008-08-31,8,-0.9282559115534864
Gallatin,2008-09-30,9,-1.130990901466439
Gallatin,2008-10-31,10,-1.8839450166310279
Gallatin,2008-11-30,11,-1.6769437837063739
Gallatin,2008-12-31,12,-1.5046073143535932
Gallatin,2009-01-31,1,-1.5221732023632981
Gallatin,2009-02-28,2,-1.733623560445995
Gallatin,2009-03-31,3,-1.1731876206695442
Gallatin,2009-04-30,4,-0.9307100239677414
Gallatin,2009-05-31,5,-1.2969480264153628
Gallatin,2009-06-30,6,-0.9843405830014763
Gallatin,2009-07-31,7,-0.5406444564993191
Gallatin,2009-08-31,8,-0.21908684951862134
Gallatin,2009-09-30,9,-0.6903781702849008
Gallatin,2009-10-31,10,-0.5974327411976708
Gallatin,2009-11-30,11,-0.591201560417582
Gallatin,2009-12-31,12,-0.6674641726719642
Gallatin,2010-01-31,1,-0.677900001128628
Gallatin,2010-02-28,2,-0.659876112544552
Gallatin,2010-03-31,3,-0.8140073697876522
Gallatin,2010-04-30,4,-0.9334254550590859
Gallatin,2010-05-31,5,-0.9044271242409291
Gallatin,2010-06-30,6,-0.6423169255932049
Gallatin,2010-07-31,7,-0.5678949321052551
Gallatin,2010-08-31,8,-0.15191948563668967
Gallatin,2010-09-30,9,-0.25585775752355033
Gallatin,2010-10-31,10,-0.31388174252543344
Gallatin,2010-11-30,11,-0.10996778584395228
Gallatin,2010-12-31,12,-0.2212598696457142
Gallatin,2011-01-31,1,-0.0900224605694151
Gallatin,2011-02-28,2,0.04114597242768547
Gallatin,2011-03-31,3,-0.1527081113641675
Gallatin,2011-04-30,4,-0.10244240516332392
Gallatin,2011-05-31,5,0.7481929188850114
Gallatin,2011-06-30,6,0.8435202870287482
Gallatin,2011-07-31,7,0.5442625974823825
Gallatin,2011-08-31,8,0.3090975045968125
Gallatin,2011-09-30,9,0.3585429839168235
Gallatin,2011-10-31,10,0.08488790782864197
Gallatin,2011-11-30,11,0.13249857048244595
Gallatin,2011-12-31,12,0.18280574194413668
Gallatin,2012-01-31,1,0.14783436278957818
Gallatin,2012-02-29,2,0.20220018833562148
Gallatin,2012-03-31,3,0.4151220448513979
Gallatin,2012-04-30,4,0.4771354986750964
Gallatin,2012-05-31,5,0.23410371971081068
Gallatin,2012-06-30,6,-0.4071463226118577
Gallatin,2012-07-31,7,-0.4425606585678652
Gallatin,2012-08-31,8,-0.839967113755169
Gallatin,2012-09-30,9,-1.2603097294571404
Gallatin,2012-10-31,10,-1.2503087411493923
Gallatin,2012-11-30,11,-1.547025943806685
Gallatin,2012-12-31,12,-1.5756769950498635
Gallatin,2013-01-31,1,-1.5605521446641506
Gallatin,2013-02-28,2,-1.6163253429155802
Gallatin,2013-03-31,3,-1.8861374808691602
Gallatin,2013-04-30,4,-2.128953533712335
Gallatin,2013-05-31,5,-2.184006478719014
Gallatin,2013-06-30,6,-2.8013792846334273
Gallatin,2013-07-31,7,-3.249953260503315
Gallatin,2013-08-31,8,-3.1869568995670505
Gallatin,2013-09-30,9,-2.83231219520692
Gallatin,2013-10-31,10,-3.0772919956848135
Gallatin,2013-11-30,11,-2.8270553243079806
Gallatin,2013-12-31,12,-2.7996140094556803
Gallatin,2014-01-31,1,-2.8155622412585934
Gallatin,2014-02-28,2,-2.6127250507970485
Gallatin,2014-03-31,3,-2.526156355684602
Gallatin,2014-04-30,4,-2.2771561228031834
Gallatin,2014-05-31,5,-2.0149979596712417
Gallatin,2014-06-30,6,-1.6570652124487464
Gallatin,2014-07-31,7,-1.7412541525756973
Gallatin,2014-08-31,8,-0.641474646575389
Gallatin,2014-09-30,9,-0.2004814694402295
Gallatin,2014-10-31,10,-0.3150189676551989
Gallatin,2014-11-30,11,-0.14361881631205642
Gallatin,2014-12-31,12,-0.08802662664065775
Gallatin,2015-01-31,1,-0.11876777036274477
Gallatin,2015-02-28,2,-0.21995813798952146
Gallatin,2015-03-31,3,-0.5077685685930495
Gallatin,2015-04-30,4,-0.5487971006172523
Gallatin,2015-05-31,5,-0.2933945573405361
Gallatin,2015-06-30,6,-0.5106449769089967
Gallatin,2015-07-31,7,0.10176505413314652
Gallatin,2015-08-31,8,0.25384017767596156
Gallatin,2015-09-30,9,-0.017108184291852346
Gallatin,2015-10-31,10,-0.0004829043877609962
Gallatin,2015-11-30,11,0.16246456143285615
Gallatin,2015-12-31,12,0.2446746581961612
Gallatin,2016-01-31,1,0.3121406178058188
Gallatin,2016-02-29,2,-0.16966195454888133
Gallatin,2016-03-31,3,-0.41014620884705133
Gallatin,2016-04-30,4,-0.593744651678765
Gallatin,2016-05-31,5,-0.3010215131494043
Gallatin,2016-06-30,6,-0.9695859965515469
Gallatin,2016-07-31,7,-0.9266381371830695
Gallatin,2016-08-31,8,-1.5920743525105836
Gallatin,2016-09-30,9,-1.4937364513508053
Gallatin,2016-10-31,10,-0.6531396049113234
Gallatin,2016-11-30,11,-0.9605676064621804
Gallatin,2016-12-31,12,-0.8276699001568928
Gallatin,2017-01-31,1,-0.7476304609398523
Gallatin,2017-02-28,2,-0.6768008508620822
Gallatin,2017-03-31,3,-0.2497064692459834
Gallatin,2017-04-30,4,0.11664195216199102
Gallatin,2017-05-31,5,-0.36388150229077887
Gallatin,2017-06-30,6,0.07760941456902937
Gallatin,2017-07-31,7,-0.3747881320695887
Gallatin,2017-08-31,8,-0.2761799632479012
Gallatin,2017-09-30,9,0.12805038946420755
Gallatin,2017-10-31,10,-0.024255995279440112
Gallatin,2017-11-30,11,-0.021759988776936634
Gallatin,2017-12-31,12,0.09917155309924519
Gallatin,2018-01-31,1,0.2223624944516307
Gallatin,2018-02-28,2,0.5522301237962668
Gallatin,2018-03-31,3,0.7878259385003622
Gallatin,2018-04-30,4,1.1890425213575615
Gallatin,2018-05-31,5,1.0065147316488292
Gallatin,2018-06-30,6,1.5731992867659303
Gallatin,2018-07-31,7,1.513113431120417
Gallatin,2018-08-31,8,1.5620808430556927
Gallatin,2018-09-30,9,1.3452730594980828
Gallatin,2018-10-31,10,1.162428569379918
Gallatin,2018-11-30,11,1.306194174577025
Gallatin,2018-12-31,12,1.2161654233038743
Gallatin,2019-01-31,1,1.2439227513867848
Gallatin,2019-02-28,2,1.5891557872596338
Gallatin,2019-03-31,3,1.636474064600688
Gallatin,2019-04-30,4,1.6563419340161694
Gallatin,2019-05-31,5,1.6909710610832427
Gallatin,2019-06-30,6,1.5973628078585458
Gallatin,2019-07-31,7,1.8169733070190892
Gallatin,2019-08-31,8,1.7735640349736526
Gallatin,2019-09-30,9,1.7873450531005828
Gallatin,2019-10-31,10,1.8950134952147688
Gallatin,2019-11-30,11,1.8517683016684516
Gallatin,2019-12-31,12,1.7239489606033143
Gallatin,2020-01-31,1,1.6505300755685142
Gallatin,2020-02-29,2,1.59433085499157
Gallatin,2020-03-31,3,1.4776164053987477
Gallatin,2020-04-30,4,1.0459517300929604
Gallatin,2020-05-31,5,0.7976099611273139
Gallatin,2020-06-30,6,0.6705951635664106
Gallatin,2020-07-31,7,0.7809624803743351
Gallatin,2020-08-31,8,0.5410560092778245
Gallatin,2020-09-30,9,0.5518693980714728
Gallatin,2020-10-31,10,0.40682411852453493
Gallatin,2020-11-30,11,0.1945681598172928
Gallatin,2020-12-31,12,0.10191078432341794
Paradise Valley,1991-01-31,1,0.10579990064224698
Paradise Valley,1991-02-28,2,-0.10688021977691498
Paradise Valley,1991-03-31,3,-0.2555755794499852
Paradise Valley,1991-04-30,4,0.05442539740928165
Paradise Valley,1991-05-31,5,0.44334383098747265
Paradise Valley,1991-06-30,6,0.37745509084607964
Paradise Valley,1991-07-31,7,0.38079145885806986
Paradise Valley,1991-08-31,8,0.22708336777291915
Paradise Valley,1991-09-30,9,0.43800246359885375
Paradise Valley,1991-10-31,10,0.34351182716884665
Paradise Valley,1991-11-30,11,0.5169443591598757
Paradise Valley,1991-12-31,12,0.4090772466326933
Paradise Valley,1992-01-31,1,0.08156363265888378
Paradise Valley,1992-02-29,2,-0.010848963146794954
Paradise Valley,1992-03-31,3,-0.08767042466978792
Paradise Valley,1992-04-30,4,-0.041407190217490175
Paradise Valley,1992-05-31,5,-0.4254585741062942
Paradise Valley,1992-06-30,6,0.06290877832694908
Paradise Valley,1992-07-31,7,0.28759026680738775
Paradise Valley,1992-08-31,8,0.12988386284185927
Paradise Valley,1992-09-30,9,0.2665490243025883
Paradise Valley,1992-10-31,10,0.1191092643120435
Paradise Valley,1992-11-30,11,0.07052873135609361
Paradise Valley,1992-12-31,12,0.25605593052779096
Paradise Valley,1993-01-31,1,0.22979095085031132
Paradise Valley,1993-02-28,2,0.27887925994139895
Paradise Valley,1993-03-31,3,0.0025015222753712596
Paradise Valley,1993-04-30,4,0.10400776682292046
Paradise Valley,1993-05-31,5,-0.2938320747583052
Paradise Valley,1993-06-30,6,0.2505883857395359
Paradise Valley,1993-07-31,7,0.8556411802337447
Paradise Valley,1993-08-31,8,0.9809361731063901
Paradise Valley,1993-09-30,9,0.7736241444236732
Paradise Valley,1993-10-31,10,0.8846425072538546
Paradise Valley,1993-11-30,11,0.5239317879202559
Paradise Valley,1993-12-31,12,0.4787807011822398
Paradise Valley,1994-01-31,1,0.7004319981154273
Paradise Valley,1994-02-28,2,0.8937203566094803
Paradise Valley,1994-03-31,3,0.915803536783711
Paradise Valley,1994-04-30,4,0.7226899629674856
Paradise Valley,1994-05-31,5,0.7582854386351916
Paradise Valley,1994-06-30,6,0.45484855134840574
Paradise Valley,1994-07-31,7,0.2709180190474736
Paradise Valley,1994-08-31,8,0.22845594867199281
Paradise Valley,1994-09-30,9,-0.06697023323257167
Paradise Valley,1994-10-31,10,0.18817482607646974
Paradise Valley,1994-11-30,11,0.28080848991794505
Paradise Valley,1994-12-31,12,0.18762280016268762
Paradise Valley,1995-01-31,1,0.29893208871988586
Paradise Valley,1995-02-28,2,0.3244116916878885
Paradise Valley,1995-03-31,3,0.5456997588208787
Paradise Valley,1995-04-30,4,0.40497272466064405
Paradise Valley,1995-05-31,5,0.3907582499061988
Paradise Valley,1995-06-30,6,0.23348796637654123
Paradise Valley,1995-07-31,7,-0.06468094865582996
Paradise Valley,1995-08-31,8,-0.17395538575566727
Paradise Valley,1995-09-30,9,-0.09345010689707034
Paradise Valley,1995-10-31,10,-0.02203205311410339
Paradise Valley,1995-11-30,11,0.5424998655681301
Paradise Valley,1995-12-31,12,0.6403337918570055
Paradise Valley,1996-01-31,1,0.7565051922482816
Paradise Valley,1996-02-29,2,0.7064763897079954
Paradise Valley,1996-03-31,3,1.0147170138031782
Paradise Valley,1996-04-30,4,1.1354432470434304
Paradise Valley,1996-05-31,5,1.5739844272358963
Paradise Valley,1996-06-30,6,1.3605328411765203
Paradise Valley,1996-07-31,7,1.3155941717596602
Paradise Valley,1996-08-31,8,1.3145008390515087
Paradise Valley,1996-09-30,9,1.4975615552767798
Paradise Valley,1996-10-31,10,1.458163139526719
Paradise Valley,1996-11-30,11,1.5323369137477252
Paradise Valley,1996-12-31,12,1.9078333214343215
Paradise Valley,1997-01-31,1,1.9475484477299596
Paradise Valley,1997-02-28,2,1.9760735706119354
Paradise Valley,1997-03-31,3,1.9373235740777996
Paradise Valley,1997-04-30,4,1.8984061927977445
Paradise Valley,1997-05-31,5,1.8200505788018249
Paradise Valley,1997-06-30,6,1.7549155362534834
Paradise Valley,1997-07-31,7,1.7915884071057184
Paradise Valley,1997-08-31,8,1.7966717761496462
Paradise Valley,1997-09-30,9,1.9193908777562387
Paradise Valley,1997-10-31,10,2.0037501305222087
Paradise Valley,1997-11-30,11,1.7951824142248922
Paradise Valley,1997-12-31,12,1.8523926050327844
Paradise Valley,1998-01-31,1,1.8238448341715494
Paradise Valley,1998-02-28,2,1.6701097318399327
Paradise Valley,1998-03-31,3,1.646113849139035
Paradise Valley,1998-04-30,4,1.5053740316788664
Paradise Valley,1998-05-31,5,0.9657417627740642
Paradise Valley,1998-06-30,6,1.511551546991103
Paradise Valley,1998-07-31,7,1.531770449974585
Paradise Valley,1998-08-31,8,1.5292927152419469
Paradise Valley,1998-09-30,9,1.5737735365299335
Paradise Valley,1998-10-31,10,1.606779548485352
Paradise Valley,1998-11-30,11,1.5818607719040667
Paradise Valley,1998-12-31,12,1.3115495456282997
Paradise Valley,1999-01-31,1,1.2844999036867832
Paradise Valley,1999-02-28,2,1.2823542179913086
Paradise Valley,1999-03-31,3,1.2261707283981997
Paradise Valley,1999-04-30,4,1.0961474342138362
Paradise Valley,1999-05-31,5,1.153592149324684
Paradise Valley,1999-06-30,6,1.0332358182779435
Paradise Valley,1999-07-31,7,0.7084000745391422
Paradise Valley,1999-08-31,8,0.6809897138610113
Paradise Valley,1999-09-30,9,0.4762812592346475
Paradise Valley,1999-10-31,10,0.09520039294771876
Paradise Valley,1999-11-30,11,0.02306275569920002
Paradise Valley,1999-12-31,12,0.11398289261843453
Paradise Valley,2000-01-31,1,-0.04098071304597517
Paradise Valley,2000-02-29,2,0.14947342282190612
Paradise Valley,2000-03-31,3,0.011438487006182774
Paradise Valley,2000-04-30,4,-0.01014834454815805
Paradise Valley,2000-05-31,5,0.38556079403717014
Paradise Valley,2000-06-30,6,-0.259383727145754
Paradise Valley,2000-07-31,7,-0.3888953731268141
Paradise Valley,2000-08-31,8,-0.48934385293605454
Paradise Valley,2000-09-30,9,-0.6752042818382374
Paradise Valley,2000-10-31,10,-0.4961705715144291
Paradise Valley,2000-11-30,11,-0.9132666719558008
Paradise Valley,2000-12-31,12,-1.1378402146452289
Paradise Valley,2001-01-31,1,-1.592079470777
Paradise Valley,2001-02-28,2,-1.677840562027261
Paradise Valley,2001-03-31,3,-1.6006152914732659
Paradise Valley,2001-04-30,4,-1.5270311761229725
Paradise Valley,2001-05-31,5,-1.712058428472497
Paradise Valley,2001-06-30,6,-1.7691691230360198
Paradise Valley,2001-07-31,7,-1.664539291985811
Paradise Valley,2001-08-31,8,-2.000264620632731
Paradise Valley,2001-09-30,9,-2.137910773040689
Paradise Valley,2001-10-31,10,-2.1017260701359857
Paradise Valley,2001-11-30,11,-1.9972198953317513
Paradise Valley,2001-12-31,12,-2.1587478211583218
Paradise Valley,2002-01-31,1,-2.1842196782424965
Paradise Valley,2002-02-28,2,-2.3637597374640458
Paradise Valley,2002-03-31,3,-2.09329063332816
Paradise Valley,2002-04-30,4,-1.8128919912437358
Paradise Valley,2002-05-31,5,-1.9576132096124899
Paradise Valley,2002-06-30,6,-1.8573012389841503
Paradise Valley,2002-07-31,7,-1.8533152446104535
Paradise Valley,2002-08-31,8,-1.579158714343078
Paradise Valley,2002-09-30,9,-1.5825901912405427
Paradise Valley,2002-10-31,10,-1.903897479639867
Paradise Valley,2002-11-30,11,-1.7054137771655677
Paradise Valley,2002-12-31,12,-1.9085980176843953
Paradise Valley,2003-01-31,1,-1.5751209217861373
Paradise Valley,2003-02-28,2,-1.448041580276601
Paradise Valley,2003-03-31,3,-1.0516016045789398
Paradise Valley,2003-04-30,4,-1.0597834407664473
Paradise Valley,2003-05-31,5,-0.8521081948296065
Paradise Valley,2003-06-30,6,-0.9995295802114226
Paradise Valley,2003-07-31,7,-1.3345537337722977
Paradise Valley,2003-08-31,8,-1.1258502678291011
Paradise Valley,2003-09-30,9,-1.0686342588968822
Paradise Valley,2003-10-31,10,-1.4007061411111343
Paradise Valley,2003-11-30,11,-1.1274225498862744
Paradise Valley,2003-12-31,12,-1.0935374673522071
Paradise Valley,2004-01-31,1,-1.2012684278466574
Paradise Valley,2004-02-29,2,-1.1081789930146744
Paradise Valley,2004-03-31,3,-1.6327588418054133
Paradise Valley,2004-04-30,4,-1.8405075407611786
Paradise Valley,2004-05-31,5,-1.6292454042101596
Paradise Valley,2004-06-30,6,-1.5990293974499254
Paradise Valley,2004-07-31,7,-1.4373421882837616
Paradise Valley,2004-08-31,8,-0.8954145665020137
Paradise Valley,2004-09-30,9,-0.6487430160333719
Paradise Valley,2004-10-31,10,-0.6759191688120204
Paradise Valley,2004-11-30,11,-0.7805176754403732
Paradise Valley,2004-12-31,12,-0.8085961375500198
Paradise Valley,2005-01-31,1,-0.9798499324743968
Paradise Valley,2005-02-28,2,-1.2273304608252005
Paradise Valley,2005-03-31,3,-1.613816083665596
Paradise Valley,2005-04-30,4,-1.8083320224064385
Paradise Valley,2005-05-31,5,-1.5142775715995382
Paradise Valley,2005-06-30,6,-1.0283897538716564
Paradise Valley,2005-07-31,7,-0.980242228684504
Paradise Valley,2005-08-31,8,-0.5404907713349418
Paradise Valley,2005-09-30,9,-0.4257716134405234
Paradise Valley,2005-10-31,10,-0.20317932096732894
Paradise Valley,2005-11-30,11,-0.13488306040494535
Paradise Valley,2005-12-31,12,-0.17417968954466012
Paradise Valley,2006-01-31,1,-0.0726884733262263
Paradise Valley,2006-02-28,2,-0.03298270784878632
Paradise Valley,2006-03-31,3,0.1411446495840778
Paradise Valley,2006-04-30,4,0.18459448176862403
Paradise Valley,2006-05-31,5,-0.14368950175724704
Paradise Valley,2006-06-30,6,-0.2715890152430551
Paradise Valley,2006-07-31,7,-0.49083676793506426
Paradise Valley,2006-08-31,8,-0.9518401099044301
Paradise Valley,2006-09-30,9,-1.258330193075387
Paradise Valley,2006-10-31,10,-1.2335410975122794
Paradise Valley,2006-11-30,11,-0.9962900227751617
Paradise Valley,2006-12-31,12,-0.9109177326703277
Paradise Valley,2007-01-31,1,-0.8308669462916588
Paradise Valley,2007-02-28,2,-0.5604549552300802
Paradise Valley,2007-03-31,3,-0.8167538395204255
Paradise Valley,2007-04-30,4,-0.6266324033755564
Paradise Valley,2007-05-31,5,-1.0166664261736396
Paradise Valley,2007-06-30,6,-1.5344697432235561
Paradise Valley,2007-07-31,7,-1.4946082626350956
Paradise Valley,2007-08-31,8,-1.5735636219929336
Paradise Valley,2007-09-30,9,-1.6607762455211141
Paradise Valley,2007-10-31,10,-1.4770724127050774
Paradise Valley,2007-11-30,11,-1.6252627153538435
Paradise Valley,2007-12-31,12,-1.5462022119825307
Paradise Valley,2008-01-31,1,-1.5109930614629468
Paradise Valley,2008-02-29,2,-1.4290539788026546
Paradise Valley,2008-03-31,3,-1.151796511319414
Paradise Valley,2008-04-30,4,-1.1635040328483597
Paradise Valley,2008-05-31,5,-0.65864297804827
Paradise Valley,2008-06-30,6,-0.4179042666404229
Paradise Valley,2008-07-31,7,-0.5537933609532384
Paradise Valley,2008-08-31,8,-0.5710521715283945
Paradise Valley,2008-09-30,9,-0.6624645166285992
Paradise Valley,2008-10-31,10,-1.1069354536923353
Paradise Valley,2008-11-30,11,-1.1351291018509722
Paradise Valley,2008-12-31,12,-1.0751698476426732
Paradise Valley,2009-01-31,1,-0.801885535296273
Paradise Valley,2009-02-28,2,-1.0611864045509023
Paradise Valley,2009-03-31,3,-0.6415277292771437
Paradise Valley,2009-04-30,4,-0.39973699434483345
Paradise Valley,2009-05-31,5,-0.21584343993985544
Paradise Valley,2009-06-30,6,0.43386808495205265
Paradise Valley,2009-07-31,7,0.5834959510368922
Paradise Valley,2009-08-31,8,0.6198183042383161
Paradise Valley,2009-09-30,9,0.3631048846256164
Paradise Valley,2009-10-31,10,0.2338003070647212
Paradise Valley,2009-11-30,11,0.04844425488038362
Paradise Valley,2009-12-31,12,-0.20113280342701279
Paradise Valley,2010-01-31,1,-0.3791369676434466
Paradise Valley,2010-02-28,2,-0.5945867753531329
Paradise Valley,2010-03-31,3,-1.028453318530794
Paradise Valley,2010-04-30,4,-0.9516242370549052
Paradise Valley,2010-05-31,5,-0.9933790923150542
Paradise Valley,2010-06-30,6,-0.7266319712447576
Paradise Valley,2010-07-31,7,-0.6729463977201335
Paradise Valley,2010-08-31,8,-0.3942428089808343
Paradise Valley,2010-09-30,9,-0.5531263003632252
Paradise Valley,2010-10-31,10,-0.6777304277722788
Paradise Valley,2010-11-30,11,-0.4768782905483504
Paradise Valley,2010-12-31,12,-0.38013636598627665
Paradise Valley,2011-01-31,1,-0.4408961214429241
Paradise Valley,2011-02-28,2,-0.30326101242545733
Paradise Valley,2011-03-31,3,-0.23624007900579147
Paradise Valley,2011-04-30,4,0.1125626475742798
Paradise Valley,2011-05-31,5,0.5593415401098694
Paradise Valley,2011-06-30,6,0.2849764334221907
Paradise Valley,2011-07-31,7,0.1471432867610829
Paradise Valley,2011-08-31,8,-0.003930460091903454
Paradise Valley,2011-09-30,9,0.032446919584836476
Paradise Valley,2011-10-31,10,-0.028698703981353102
Paradise Valley,2011-11-30,11,0.34991345915353445
Paradise Valley,2011-12-31,12,0.482182671061377
Paradise Valley,2012-01-31,1,0.5770589992563733
Paradise Valley,2012-02-29,2,0.7878874358350374
Paradise Valley,2012-03-31,3,0.9272877618520082
Paradise Valley,2012-04-30,4,0.9513627432001825
Paradise Valley,2012-05-31,5,0.9314347195684005
Paradise Valley,2012-06-30,6,0.42605344506954346
Paradise Valley,2012-07-31,7,0.5822131775140118
Paradise Valley,2012-08-31,8,0.3744329262644437
Paradise Valley,2012-09-30,9,0.31933463115972427
Paradise Valley,2012-10-31,10,0.4829509031061161
Paradise Valley,2012-11-30,11,0.3122566281773036
Paradise Valley,2012-12-31,12,0.2843105511675803
Paradise Valley,2013-01-31,1,0.08858034519602609
Paradise Valley,2013-02-28,2,-0.03812376623711944
Paradise Valley,2013-03-31,3,-0.30354472716697467
Paradise Valley,2013-04-30,4,-0.7696131671283813
Paradise Valley,2013-05-31,5,-1.1504528257827853
Paradise Valley,2013-06-30,6,-1.464090749974559
Paradise Valley,2013-07-31,7,-1.4273877089511942
Paradise Valley,2013-08-31,8,-1.273747830738525
Paradise Valley,2013-09-30,9,-0.6302979255697336
Paradise Valley,2013-10-31,10,-0.8322909517893721
Paradise Valley,2013-11-30,11,-0.9938312646299006
Paradise Valley,2013-12-31,12,-0.9165150047036242
Paradise Valley,2014-01-31,1,-0.8797224599724105
Paradise Valley,2014-02-28,2,-0.5030723446052352
Paradise Valley,2014-03-31,3,-0.17491838380628688
Paradise Valley,2014-04-30,4,-0.015851866110416113
Paradise Valley,2014-05-31,5,-0.3473458813436354
Paradise Valley,2014-06-30,6,0.06996415706364556
Paradise Valley,2014-07-31,7,0.015732904491572608
Paradise Valley,2014-08-31,8,0.6791105952278591
Paradise Valley,2014-09-30,9,0.9455119202966233
Paradise Valley,2014-10-31,10,0.8509117311521801
Paradise Valley,2014-11-30,11,1.0565068979183245
Paradise Valley,2014-12-31,12,1.036511353793161
Paradise Valley,2015-01-31,1,1.0374176842652498
Paradise Valley,2015-02-28,2,1.0052142797475385
Paradise Valley,2015-03-31,3,0.778514836245016
Paradise Valley,2015-04-30,4,0.48934530727559
Paradise Valley,2015-05-31,5,0.7074277205563
Paradise Valley,2015-06-30,6,0.6329783029037823
Paradise Valley,2015-07-31,7,0.8614755995977856
Paradise Valley,2015-08-31,8,0.9548717284914888
Paradise Valley,2015-09-30,9,0.5945760321028726
Paradise Valley,2015-10-31,10,0.6118437468330866
Paradise Valley,2015-11-30,11,0.6009347587312353
Paradise Valley,2015-12-31,12,0.6305487382707631
Paradise Valley,2016-01-31,1,0.5344657822230265
Paradise Valley,2016-02-29,2,-0.07624178059598496
Paradise Valley,2016-03-31,3,-0.3026605285017048
Paradise Valley,2016-04-30,4,-0.7498788398445033
Paradise Valley,2016-05-31,5,-0.530468804380281
Paradise Valley,2016-06-30,6,-0.9900453425284317
Paradise Valley,2016-07-31,7,-0.9265560279360232
Paradise Valley,2016-08-31,8,-1.530051821766372
Paradise Valley,2016-09-30,9,-1.5612172017188737
Paradise Valley,2016-10-31,10,-0.7968121556739176
Paradise Valley,2016-11-30,11,-1.2373257370913113
Paradise Valley,2016-12-31,12,-0.7891014703030534
Paradise Valley,2017-01-31,1,-0.6268960763659734
Paradise Valley,2017-02-28,2,-0.02823406226077707
Paradise Valley,2017-03-31,3,0.5370133526505021
Paradise Valley,2017-04-30,4,0.9102197729124814
Paradise Valley,2017-05-31,5,0.5006574369104424
Paradise Valley,2017-06-30,6,0.6827182791795167
Paradise Valley,2017-07-31,7,0.48733988292010566
Paradise Valley,2017-08-31,8,0.3772158591844441
Paradise Valley,2017-09-30,9,0.8508156267595582
Paradise Valley,2017-10-31,10,0.8601243951303776
Paradise Valley,2017-11-30,11,1.192764484621052
Paradise Valley,2017-12-31,12,1.276919784511159
Paradise Valley,2018-01-31,1,1.3466451942259465
Paradise Valley,2018-02-28,2,1.6716432425108696
Paradise Valley,2018-03-31,3,1.7243512412572306
Paradise Valley,2018-04-30,4,1.932471045637385
Paradise Valley,2018-05-31,5,1.8830565259939056
Paradise Valley,2018-06-30,6,2.0459064862836183
Paradise Valley,2018-07-31,7,1.9535397443186389
Paradise Valley,2018-08-31,8,1.931309395070962
Paradise Valley,2018-09-30,9,1.809425609068672
Paradise Valley,2018-10-31,10,1.6462564298415945
Paradise Valley,2018-11-30,11,1.8291558061364874
Paradise Valley,2018-12-31,12,1.5996327742829615
Paradise Valley,2019-01-31,1,1.4647576583663349
Paradise Valley,2019-02-28,2,1.3316465748210526
Paradise Valley,2019-03-31,3,1.1303210660731953
Paradise Valley,2019-04-30,4,1.1076638867185373
Paradise Valley,2019-05-31,5,1.2236344080140342
Paradise Valley,2019-06-30,6,1.2524448825565158
Paradise Valley,2019-07-31,7,1.3289695875994019
Paradise Valley,2019-08-31,8,1.268455929140374
Paradise Valley,2019-09-30,9,1.0905643345218134
Paradise Valley,2019-10-31,10,1.3408715350622626
Paradise Valley,2019-11-30,11,0.9109029175658958
Paradise Valley,2019-12-31,12,0.7307477845020217
Paradise Valley,2020-01-31,1,0.7411169016266416
Paradise Valley,2020-02-29,2,0.42124323785925655
Paradise Valley,2020-03-31,3,0.4166589000692331
Paradise Valley,2020-04-30,4,0.12797984774156435
Paradise Valley,2020-05-31,5,0.15080815341579412
Paradise Valley,2020-06-30,6,-0.028335129838947593
Paradise Valley,2020-07-31,7,0.07982217547400094
Paradise Valley,2020-08-31,8,-0.08388905981511297
Paradise Valley,2020-09-30,9,-0.030958434586021655
Paradise Valley,2020-10-31,10,0.030644349347983768
Paradise Valley,2020-11-30,11,-0.17499756555599144
Paradise Valley,2020-12-31,12,-0.23172025404117225
